349 271 239 349 271 239 349 
79 
349 271 102 
271 349 208 349 349 208 271 330 349 250 315 349 239 3 271 297 
271 349 208 349 349 208 271 330 349 250 315 349 239 3 271 297 
271 349 297 239 349 297 271 
79 55 
349 
271 349 208 349 349 208 271 330 349 250 315 349 239 3 271 271 
271 349 208 349 349 208 271 330 349 250 315 349 239 3 271 271 
349 271 297 239 349 239 271 
79 55 45 265 213 304 45 
349 271 102 
271 349 208 349 349 208 271 330 349 250 315 349 239 3 271 57 
271 349 208 349 349 208 271 330 349 250 315 349 239 3 271 57 
271 349 349 297 271 349 271 297 
79 273 77 79 
349 271 
271 349 208 349 349 208 271 330 349 250 315 349 239 3 271 297 
271 349 208 349 349 208 271 330 349 250 315 349 239 3 271 297 
271 349 297 271 349 297 349 271 
228 79 37 265 276 79 
349 271 282 200 
271 349 208 349 349 208 271 330 349 250 315 349 239 3 271 297 
271 349 208 349 349 208 271 330 349 250 315 349 239 3 271 297 
271 349 297 271 349 
213 79 213 304 276 
349 271 
271 349 208 349 349 208 271 330 349 250 315 349 239 3 271 297 
271 349 208 349 349 208 271 330 349 250 315 349 239 3 271 297 
271 349 297 349 271 349 271 297 
301 265 50 45 304 315 213 16 315 228 77 301 265 36 79 45 265 79 
297 
271 349 208 349 349 208 271 330 349 250 315 349 239 3 102 330 
271 349 208 349 349 208 271 330 349 250 315 349 239 3 102 330 
349 271 297 239 349 271 349 271 
304 228 77 301 304 276 
349 271 102 
271 349 208 349 349 208 271 330 349 250 315 349 239 3 102 330 
271 349 208 349 349 208 271 330 349 250 315 349 239 3 102 330 
271 297 349 271 297 349 
65 16 265 24 304 315 213 16 315 34 45 79 36 273 304 
349 271 102 
271 349 208 349 349 208 271 330 349 250 315 349 239 3 271 57 
271 349 208 349 349 208 271 330 349 250 315 349 239 3 271 57 
297 349 271 349 271 297 
276 79 65 79 24 304 
349 
271 349 208 349 349 208 271 330 349 250 315 349 239 3 271 239 
271 349 208 349 349 208 271 330 349 250 315 349 239 3 271 239 
282 349 271 282 349 282 349 271 200 349 282 
24 79 55 77 79 
349 271 102 
271 349 208 349 349 208 271 330 349 250 315 349 239 3 271 200 
271 349 208 349 349 208 271 330 349 250 315 349 239 3 271 200 
297 271 349 297 271 297 349 271 
44 16 55 45 79 
349 
271 349 208 349 349 208 271 330 349 250 315 349 239 3 271 297 
271 349 208 349 349 208 271 330 349 250 315 349 239 3 271 297 
